163 116
crane section
2
0 44 8 54 14 1 0 47 10
1 64 8 74 14 1 0 67 10
storage section
480
0 16 40
1 19 40
2 22 40
3 25 40
4 28 40
5 31 40
6 34 40
7 37 40
8 40 40
9 43 40
10 46 40
11 49 40
12 52 40
13 55 40
14 58 40
15 61 40
16 64 40
17 67 40
18 70 40
19 73 40
20 88 40
21 91 40
22 94 40
23 97 40
24 100 40
25 103 40
26 106 40
27 109 40
28 112 40
29 115 40
30 118 40
31 121 40
32 124 40
33 127 40
34 130 40
35 133 40
36 136 40
37 139 40
38 142 40
39 145 40
40 16 44
41 19 44
42 22 44
43 25 44
44 28 44
45 31 44
46 34 44
47 37 44
48 40 44
49 43 44
50 46 44
51 49 44
52 52 44
53 55 44
54 58 44
55 61 44
56 64 44
57 67 44
58 70 44
59 73 44
60 88 44
61 91 44
62 94 44
63 97 44
64 100 44
65 103 44
66 106 44
67 109 44
68 112 44
69 115 44
70 118 44
71 121 44
72 124 44
73 127 44
74 130 44
75 133 44
76 136 44
77 139 44
78 142 44
79 145 44
80 16 48
81 19 48
82 22 48
83 25 48
84 28 48
85 31 48
86 34 48
87 37 48
88 40 48
89 43 48
90 46 48
91 49 48
92 52 48
93 55 48
94 58 48
95 61 48
96 64 48
97 67 48
98 70 48
99 73 48
100 88 48
101 91 48
102 94 48
103 97 48
104 100 48
105 103 48
106 106 48
107 109 48
108 112 48
109 115 48
110 118 48
111 121 48
112 124 48
113 127 48
114 130 48
115 133 48
116 136 48
117 139 48
118 142 48
119 145 48
120 16 52
121 19 52
122 22 52
123 25 52
124 28 52
125 31 52
126 34 52
127 37 52
128 40 52
129 43 52
130 46 52
131 49 52
132 52 52
133 55 52
134 58 52
135 61 52
136 64 52
137 67 52
138 70 52
139 73 52
140 88 52
141 91 52
142 94 52
143 97 52
144 100 52
145 103 52
146 106 52
147 109 52
148 112 52
149 115 52
150 118 52
151 121 52
152 124 52
153 127 52
154 130 52
155 133 52
156 136 52
157 139 52
158 142 52
159 145 52
160 16 56
161 19 56
162 22 56
163 25 56
164 28 56
165 31 56
166 34 56
167 37 56
168 40 56
169 43 56
170 46 56
171 49 56
172 52 56
173 55 56
174 58 56
175 61 56
176 64 56
177 67 56
178 70 56
179 73 56
180 88 56
181 91 56
182 94 56
183 97 56
184 100 56
185 103 56
186 106 56
187 109 56
188 112 56
189 115 56
190 118 56
191 121 56
192 124 56
193 127 56
194 130 56
195 133 56
196 136 56
197 139 56
198 142 56
199 145 56
200 16 60
201 19 60
202 22 60
203 25 60
204 28 60
205 31 60
206 34 60
207 37 60
208 40 60
209 43 60
210 46 60
211 49 60
212 52 60
213 55 60
214 58 60
215 61 60
216 64 60
217 67 60
218 70 60
219 73 60
220 88 60
221 91 60
222 94 60
223 97 60
224 100 60
225 103 60
226 106 60
227 109 60
228 112 60
229 115 60
230 118 60
231 121 60
232 124 60
233 127 60
234 130 60
235 133 60
236 136 60
237 139 60
238 142 60
239 145 60
240 16 76
241 19 76
242 22 76
243 25 76
244 28 76
245 31 76
246 34 76
247 37 76
248 40 76
249 43 76
250 46 76
251 49 76
252 52 76
253 55 76
254 58 76
255 61 76
256 64 76
257 67 76
258 70 76
259 73 76
260 88 76
261 91 76
262 94 76
263 97 76
264 100 76
265 103 76
266 106 76
267 109 76
268 112 76
269 115 76
270 118 76
271 121 76
272 124 76
273 127 76
274 130 76
275 133 76
276 136 76
277 139 76
278 142 76
279 145 76
280 16 80
281 19 80
282 22 80
283 25 80
284 28 80
285 31 80
286 34 80
287 37 80
288 40 80
289 43 80
290 46 80
291 49 80
292 52 80
293 55 80
294 58 80
295 61 80
296 64 80
297 67 80
298 70 80
299 73 80
300 88 80
301 91 80
302 94 80
303 97 80
304 100 80
305 103 80
306 106 80
307 109 80
308 112 80
309 115 80
310 118 80
311 121 80
312 124 80
313 127 80
314 130 80
315 133 80
316 136 80
317 139 80
318 142 80
319 145 80
320 16 84
321 19 84
322 22 84
323 25 84
324 28 84
325 31 84
326 34 84
327 37 84
328 40 84
329 43 84
330 46 84
331 49 84
332 52 84
333 55 84
334 58 84
335 61 84
336 64 84
337 67 84
338 70 84
339 73 84
340 88 84
341 91 84
342 94 84
343 97 84
344 100 84
345 103 84
346 106 84
347 109 84
348 112 84
349 115 84
350 118 84
351 121 84
352 124 84
353 127 84
354 130 84
355 133 84
356 136 84
357 139 84
358 142 84
359 145 84
360 16 88
361 19 88
362 22 88
363 25 88
364 28 88
365 31 88
366 34 88
367 37 88
368 40 88
369 43 88
370 46 88
371 49 88
372 52 88
373 55 88
374 58 88
375 61 88
376 64 88
377 67 88
378 70 88
379 73 88
380 88 88
381 91 88
382 94 88
383 97 88
384 100 88
385 103 88
386 106 88
387 109 88
388 112 88
389 115 88
390 118 88
391 121 88
392 124 88
393 127 88
394 130 88
395 133 88
396 136 88
397 139 88
398 142 88
399 145 88
400 16 92
401 19 92
402 22 92
403 25 92
404 28 92
405 31 92
406 34 92
407 37 92
408 40 92
409 43 92
410 46 92
411 49 92
412 52 92
413 55 92
414 58 92
415 61 92
416 64 92
417 67 92
418 70 92
419 73 92
420 88 92
421 91 92
422 94 92
423 97 92
424 100 92
425 103 92
426 106 92
427 109 92
428 112 92
429 115 92
430 118 92
431 121 92
432 124 92
433 127 92
434 130 92
435 133 92
436 136 92
437 139 92
438 142 92
439 145 92
440 16 96
441 19 96
442 22 96
443 25 96
444 28 96
445 31 96
446 34 96
447 37 96
448 40 96
449 43 96
450 46 96
451 49 96
452 52 96
453 55 96
454 58 96
455 61 96
456 64 96
457 67 96
458 70 96
459 73 96
460 88 96
461 91 96
462 94 96
463 97 96
464 100 96
465 103 96
466 106 96
467 109 96
468 112 96
469 115 96
470 118 96
471 121 96
472 124 96
473 127 96
474 130 96
475 133 96
476 136 96
477 139 96
478 142 96
479 145 96
carrier section
6
0 0 111 42
1 0 48 78
2 0 126 90
3 1 45 90
4 1 120 86
5 1 123 38
container section
240
0 404
1 39
2 335
3 158
4 142
5 77
6 184
7 367
8 108
9 294
10 63
11 31
12 439
13 384
14 433
15 321
16 416
17 285
18 408
19 375
20 365
21 324
22 310
23 59
24 323
25 298
26 73
27 383
28 368
29 452
30 354
31 238
32 47
33 38
34 120
35 149
36 387
37 450
38 67
39 341
40 292
41 165
42 128
43 279
44 227
45 62
46 385
47 386
48 233
49 271
50 306
51 41
52 171
53 336
54 98
55 71
56 397
57 411
58 84
59 229
60 247
61 174
62 135
63 272
64 23
65 342
66 45
67 401
68 27
69 91
70 226
71 309
72 80
73 152
74 304
75 334
76 236
77 50
78 103
79 431
80 349
81 131
82 355
83 3
84 111
85 89
86 185
87 252
88 474
89 426
90 414
91 288
92 472
93 122
94 69
95 469
96 220
97 200
98 418
99 361
100 181
101 138
102 167
103 134
104 268
105 133
106 53
107 326
108 381
109 30
110 325
111 178
112 101
113 436
114 123
115 316
116 393
117 423
118 121
119 160
120 372
121 459
122 278
123 338
124 5
125 100
126 447
127 70
128 394
129 163
130 406
131 93
132 468
133 20
134 57
135 237
136 210
137 422
138 154
139 244
140 37
141 366
142 239
143 104
144 374
145 251
146 445
147 141
148 442
149 166
150 125
151 198
152 435
153 29
154 363
155 327
156 297
157 65
158 443
159 153
160 293
161 179
162 214
163 312
164 305
165 225
166 183
167 21
168 269
169 317
170 478
171 173
172 395
173 456
174 208
175 140
176 405
177 24
178 204
179 68
180 243
181 420
182 289
183 34
184 330
185 192
186 290
187 286
188 193
189 72
190 454
191 156
192 378
193 444
194 402
195 273
196 75
197 99
198 412
199 26
200 126
201 49
202 222
203 441
204 421
205 146
206 451
207 25
208 461
209 419
210 417
211 223
212 473
213 428
214 350
215 464
216 329
217 43
218 315
219 471
220 274
221 209
222 415
223 267
224 217
225 446
226 398
227 344
228 33
229 64
230 144
231 106
232 40
233 190
234 396
235 318
236 79
237 19
238 219
239 264
demand section
33  % 33 containers will appear during the day with all operations
demand crane 0
3 0 1 2    % 3 ships coming: ships 0, 1 and 2
ship 0
10  % number of operations at the crane for this ship
unload 0 240 253   % pick at discharge 0 container 240 and put it at storage area 253
unload 0 241 425   % pick at discharge 0 container 241 and put it at storage area 425
unload 0 242 476   % pick at discharge 0 container 242 and put it at storage area 476
unload 0 243 295   % pick at discharge 0 container 243 and put it at storage area 295
unload 0 244 148   % pick at discharge 0 container 244 and put it at storage area 148
unload 0 245 60   % pick at discharge 0 container 245 and put it at storage area 60
unload 0 246 466   % pick at discharge 0 container 246 and put it at storage area 466
unload 0 247 107   % pick at discharge 0 container 247 and put it at storage area 107
unload 0 248 78   % pick at discharge 0 container 248 and put it at storage area 78
load 0 139   % bring container 139 to discharge 0
ship 1
10  % number of operations at the crane for this ship
unload 0 249 10   % pick at discharge 0 container 249 and put it at storage area 10
unload 0 250 399   % pick at discharge 0 container 250 and put it at storage area 399
unload 0 251 169   % pick at discharge 0 container 251 and put it at storage area 169
unload 0 252 437   % pick at discharge 0 container 252 and put it at storage area 437
unload 0 253 319   % pick at discharge 0 container 253 and put it at storage area 319
unload 0 254 429   % pick at discharge 0 container 254 and put it at storage area 429
unload 0 255 348   % pick at discharge 0 container 255 and put it at storage area 348
unload 0 256 280   % pick at discharge 0 container 256 and put it at storage area 280
unload 0 257 462   % pick at discharge 0 container 257 and put it at storage area 462
load 0 192   % bring container 192 to discharge 0
ship 2
10  % number of operations at the crane for this ship
unload 0 258 112   % pick at discharge 0 container 258 and put it at storage area 112
unload 0 259 95   % pick at discharge 0 container 259 and put it at storage area 95
unload 0 260 164   % pick at discharge 0 container 260 and put it at storage area 164
unload 0 261 231   % pick at discharge 0 container 261 and put it at storage area 231
unload 0 262 281   % pick at discharge 0 container 262 and put it at storage area 281
unload 0 263 87   % pick at discharge 0 container 263 and put it at storage area 87
unload 0 264 15   % pick at discharge 0 container 264 and put it at storage area 15
unload 0 265 382   % pick at discharge 0 container 265 and put it at storage area 382
load 0 222   % bring container 222 to discharge 0
load 0 171   % bring container 171 to discharge 0
demand crane 1
3 3 4 5    % 3 ships coming: ships 3, 4 and 5
ship 3
6  % number of operations at the crane for this ship
unload 0 266 143   % pick at discharge 0 container 266 and put it at storage area 143
load 0 202   % bring container 202 to discharge 0
load 0 16   % bring container 16 to discharge 0
load 0 177   % bring container 177 to discharge 0
load 0 115   % bring container 115 to discharge 0
load 0 213   % bring container 213 to discharge 0
ship 4
10  % number of operations at the crane for this ship
unload 0 267 299   % pick at discharge 0 container 267 and put it at storage area 299
unload 0 268 145   % pick at discharge 0 container 268 and put it at storage area 145
unload 0 269 296   % pick at discharge 0 container 269 and put it at storage area 296
unload 0 270 245   % pick at discharge 0 container 270 and put it at storage area 245
unload 0 271 300   % pick at discharge 0 container 271 and put it at storage area 300
load 0 118   % bring container 118 to discharge 0
load 0 2   % bring container 2 to discharge 0
load 0 103   % bring container 103 to discharge 0
load 0 226   % bring container 226 to discharge 0
load 0 88   % bring container 88 to discharge 0
ship 5
8  % number of operations at the crane for this ship
unload 0 272 151   % pick at discharge 0 container 272 and put it at storage area 151
load 0 130   % bring container 130 to discharge 0
load 0 7   % bring container 7 to discharge 0
load 0 217   % bring container 217 to discharge 0
load 0 175   % bring container 175 to discharge 0
load 0 111   % bring container 111 to discharge 0
load 0 156   % bring container 156 to discharge 0
load 0 5   % bring container 5 to discharge 0
