163 116
crane section
2
0 44 8 54 14 1 0 47 10
1 64 8 74 14 1 0 67 10
storage section
480
0 16 40
1 19 40
2 22 40
3 25 40
4 28 40
5 31 40
6 34 40
7 37 40
8 40 40
9 43 40
10 46 40
11 49 40
12 52 40
13 55 40
14 58 40
15 61 40
16 64 40
17 67 40
18 70 40
19 73 40
20 88 40
21 91 40
22 94 40
23 97 40
24 100 40
25 103 40
26 106 40
27 109 40
28 112 40
29 115 40
30 118 40
31 121 40
32 124 40
33 127 40
34 130 40
35 133 40
36 136 40
37 139 40
38 142 40
39 145 40
40 16 44
41 19 44
42 22 44
43 25 44
44 28 44
45 31 44
46 34 44
47 37 44
48 40 44
49 43 44
50 46 44
51 49 44
52 52 44
53 55 44
54 58 44
55 61 44
56 64 44
57 67 44
58 70 44
59 73 44
60 88 44
61 91 44
62 94 44
63 97 44
64 100 44
65 103 44
66 106 44
67 109 44
68 112 44
69 115 44
70 118 44
71 121 44
72 124 44
73 127 44
74 130 44
75 133 44
76 136 44
77 139 44
78 142 44
79 145 44
80 16 48
81 19 48
82 22 48
83 25 48
84 28 48
85 31 48
86 34 48
87 37 48
88 40 48
89 43 48
90 46 48
91 49 48
92 52 48
93 55 48
94 58 48
95 61 48
96 64 48
97 67 48
98 70 48
99 73 48
100 88 48
101 91 48
102 94 48
103 97 48
104 100 48
105 103 48
106 106 48
107 109 48
108 112 48
109 115 48
110 118 48
111 121 48
112 124 48
113 127 48
114 130 48
115 133 48
116 136 48
117 139 48
118 142 48
119 145 48
120 16 52
121 19 52
122 22 52
123 25 52
124 28 52
125 31 52
126 34 52
127 37 52
128 40 52
129 43 52
130 46 52
131 49 52
132 52 52
133 55 52
134 58 52
135 61 52
136 64 52
137 67 52
138 70 52
139 73 52
140 88 52
141 91 52
142 94 52
143 97 52
144 100 52
145 103 52
146 106 52
147 109 52
148 112 52
149 115 52
150 118 52
151 121 52
152 124 52
153 127 52
154 130 52
155 133 52
156 136 52
157 139 52
158 142 52
159 145 52
160 16 56
161 19 56
162 22 56
163 25 56
164 28 56
165 31 56
166 34 56
167 37 56
168 40 56
169 43 56
170 46 56
171 49 56
172 52 56
173 55 56
174 58 56
175 61 56
176 64 56
177 67 56
178 70 56
179 73 56
180 88 56
181 91 56
182 94 56
183 97 56
184 100 56
185 103 56
186 106 56
187 109 56
188 112 56
189 115 56
190 118 56
191 121 56
192 124 56
193 127 56
194 130 56
195 133 56
196 136 56
197 139 56
198 142 56
199 145 56
200 16 60
201 19 60
202 22 60
203 25 60
204 28 60
205 31 60
206 34 60
207 37 60
208 40 60
209 43 60
210 46 60
211 49 60
212 52 60
213 55 60
214 58 60
215 61 60
216 64 60
217 67 60
218 70 60
219 73 60
220 88 60
221 91 60
222 94 60
223 97 60
224 100 60
225 103 60
226 106 60
227 109 60
228 112 60
229 115 60
230 118 60
231 121 60
232 124 60
233 127 60
234 130 60
235 133 60
236 136 60
237 139 60
238 142 60
239 145 60
240 16 76
241 19 76
242 22 76
243 25 76
244 28 76
245 31 76
246 34 76
247 37 76
248 40 76
249 43 76
250 46 76
251 49 76
252 52 76
253 55 76
254 58 76
255 61 76
256 64 76
257 67 76
258 70 76
259 73 76
260 88 76
261 91 76
262 94 76
263 97 76
264 100 76
265 103 76
266 106 76
267 109 76
268 112 76
269 115 76
270 118 76
271 121 76
272 124 76
273 127 76
274 130 76
275 133 76
276 136 76
277 139 76
278 142 76
279 145 76
280 16 80
281 19 80
282 22 80
283 25 80
284 28 80
285 31 80
286 34 80
287 37 80
288 40 80
289 43 80
290 46 80
291 49 80
292 52 80
293 55 80
294 58 80
295 61 80
296 64 80
297 67 80
298 70 80
299 73 80
300 88 80
301 91 80
302 94 80
303 97 80
304 100 80
305 103 80
306 106 80
307 109 80
308 112 80
309 115 80
310 118 80
311 121 80
312 124 80
313 127 80
314 130 80
315 133 80
316 136 80
317 139 80
318 142 80
319 145 80
320 16 84
321 19 84
322 22 84
323 25 84
324 28 84
325 31 84
326 34 84
327 37 84
328 40 84
329 43 84
330 46 84
331 49 84
332 52 84
333 55 84
334 58 84
335 61 84
336 64 84
337 67 84
338 70 84
339 73 84
340 88 84
341 91 84
342 94 84
343 97 84
344 100 84
345 103 84
346 106 84
347 109 84
348 112 84
349 115 84
350 118 84
351 121 84
352 124 84
353 127 84
354 130 84
355 133 84
356 136 84
357 139 84
358 142 84
359 145 84
360 16 88
361 19 88
362 22 88
363 25 88
364 28 88
365 31 88
366 34 88
367 37 88
368 40 88
369 43 88
370 46 88
371 49 88
372 52 88
373 55 88
374 58 88
375 61 88
376 64 88
377 67 88
378 70 88
379 73 88
380 88 88
381 91 88
382 94 88
383 97 88
384 100 88
385 103 88
386 106 88
387 109 88
388 112 88
389 115 88
390 118 88
391 121 88
392 124 88
393 127 88
394 130 88
395 133 88
396 136 88
397 139 88
398 142 88
399 145 88
400 16 92
401 19 92
402 22 92
403 25 92
404 28 92
405 31 92
406 34 92
407 37 92
408 40 92
409 43 92
410 46 92
411 49 92
412 52 92
413 55 92
414 58 92
415 61 92
416 64 92
417 67 92
418 70 92
419 73 92
420 88 92
421 91 92
422 94 92
423 97 92
424 100 92
425 103 92
426 106 92
427 109 92
428 112 92
429 115 92
430 118 92
431 121 92
432 124 92
433 127 92
434 130 92
435 133 92
436 136 92
437 139 92
438 142 92
439 145 92
440 16 96
441 19 96
442 22 96
443 25 96
444 28 96
445 31 96
446 34 96
447 37 96
448 40 96
449 43 96
450 46 96
451 49 96
452 52 96
453 55 96
454 58 96
455 61 96
456 64 96
457 67 96
458 70 96
459 73 96
460 88 96
461 91 96
462 94 96
463 97 96
464 100 96
465 103 96
466 106 96
467 109 96
468 112 96
469 115 96
470 118 96
471 121 96
472 124 96
473 127 96
474 130 96
475 133 96
476 136 96
477 139 96
478 142 96
479 145 96
carrier section
6
0 0 123 90
1 0 138 54
2 0 111 86
3 1 60 94
4 1 60 58
5 1 87 38
container section
240
0 58
1 271
2 425
3 221
4 127
5 397
6 317
7 68
8 109
9 393
10 26
11 330
12 2
13 274
14 116
15 69
16 405
17 67
18 463
19 44
20 478
21 62
22 289
23 174
24 194
25 216
26 108
27 381
28 285
29 410
30 256
31 185
32 446
33 211
34 56
35 236
36 275
37 427
38 333
39 84
40 479
41 376
42 265
43 118
44 423
45 319
46 352
47 27
48 219
49 419
50 129
51 100
52 103
53 284
54 146
55 304
56 176
57 291
58 64
59 130
60 167
61 24
62 168
63 28
64 165
65 134
66 208
67 150
68 215
69 177
70 473
71 205
72 326
73 131
74 202
75 370
76 408
77 270
78 15
79 136
80 193
81 354
82 98
83 142
84 259
85 314
86 283
87 242
88 353
89 461
90 38
91 187
92 137
93 22
94 437
95 255
96 220
97 225
98 311
99 14
100 105
101 203
102 237
103 160
104 157
105 125
106 321
107 406
108 153
109 439
110 440
111 355
112 184
113 403
114 231
115 279
116 238
117 426
118 398
119 43
120 199
121 384
122 362
123 17
124 1
125 315
126 452
127 213
128 53
129 366
130 413
131 466
132 254
133 186
134 477
135 93
136 334
137 196
138 52
139 434
140 10
141 4
142 233
143 39
144 394
145 88
146 277
147 246
148 65
149 468
150 115
151 70
152 5
153 224
154 101
155 121
156 164
157 307
158 247
159 77
160 450
161 472
162 30
163 180
164 25
165 263
166 192
167 325
168 269
169 54
170 188
171 80
172 201
173 173
174 476
175 3
176 232
177 21
178 235
179 351
180 460
181 262
182 12
183 119
184 346
185 83
186 126
187 9
188 443
189 288
190 143
191 332
192 135
193 465
194 234
195 206
196 364
197 372
198 411
199 341
200 337
201 432
202 445
203 380
204 469
205 210
206 287
207 295
208 331
209 383
210 145
211 395
212 441
213 438
214 114
215 400
216 57
217 299
218 40
219 251
220 178
221 49
222 152
223 418
224 345
225 340
226 212
227 106
228 191
229 302
230 79
231 359
232 33
233 451
234 324
235 379
236 228
237 151
238 91
239 172
demand section
29  % 29 containers will appear during the day with all operations
demand crane 0
3 0 1 2    % 3 ships coming: ships 0, 1 and 2
ship 0
10  % number of operations at the crane for this ship
unload 0 240 320   % pick at discharge 0 container 240 and put it at storage area 320
unload 0 241 475   % pick at discharge 0 container 241 and put it at storage area 475
unload 0 242 111   % pick at discharge 0 container 242 and put it at storage area 111
unload 0 243 7   % pick at discharge 0 container 243 and put it at storage area 7
unload 0 244 181   % pick at discharge 0 container 244 and put it at storage area 181
unload 0 245 373   % pick at discharge 0 container 245 and put it at storage area 373
load 0 191   % bring container 191 to discharge 0
load 0 231   % bring container 231 to discharge 0
load 0 81   % bring container 81 to discharge 0
load 0 211   % bring container 211 to discharge 0
ship 1
10  % number of operations at the crane for this ship
unload 0 246 23   % pick at discharge 0 container 246 and put it at storage area 23
unload 0 247 292   % pick at discharge 0 container 247 and put it at storage area 292
unload 0 248 81   % pick at discharge 0 container 248 and put it at storage area 81
unload 0 249 458   % pick at discharge 0 container 249 and put it at storage area 458
load 0 65   % bring container 65 to discharge 0
load 0 156   % bring container 156 to discharge 0
load 0 204   % bring container 204 to discharge 0
load 0 39   % bring container 39 to discharge 0
load 0 222   % bring container 222 to discharge 0
load 0 100   % bring container 100 to discharge 0
ship 2
10  % number of operations at the crane for this ship
unload 0 250 159   % pick at discharge 0 container 250 and put it at storage area 159
unload 0 251 387   % pick at discharge 0 container 251 and put it at storage area 387
unload 0 252 382   % pick at discharge 0 container 252 and put it at storage area 382
unload 0 253 431   % pick at discharge 0 container 253 and put it at storage area 431
unload 0 254 266   % pick at discharge 0 container 254 and put it at storage area 266
unload 0 255 41   % pick at discharge 0 container 255 and put it at storage area 41
unload 0 256 433   % pick at discharge 0 container 256 and put it at storage area 433
load 0 21   % bring container 21 to discharge 0
load 0 137   % bring container 137 to discharge 0
load 0 234   % bring container 234 to discharge 0
demand crane 1
3 3 4 5    % 3 ships coming: ships 3, 4 and 5
ship 3
6  % number of operations at the crane for this ship
load 0 16   % bring container 16 to discharge 0
load 0 60   % bring container 60 to discharge 0
load 0 35   % bring container 35 to discharge 0
load 0 10   % bring container 10 to discharge 0
load 0 84   % bring container 84 to discharge 0
load 0 3   % bring container 3 to discharge 0
ship 4
10  % number of operations at the crane for this ship
unload 0 257 459   % pick at discharge 0 container 257 and put it at storage area 459
unload 0 258 257   % pick at discharge 0 container 258 and put it at storage area 257
unload 0 259 183   % pick at discharge 0 container 259 and put it at storage area 183
unload 0 260 90   % pick at discharge 0 container 260 and put it at storage area 90
unload 0 261 444   % pick at discharge 0 container 261 and put it at storage area 444
unload 0 262 86   % pick at discharge 0 container 262 and put it at storage area 86
unload 0 263 368   % pick at discharge 0 container 263 and put it at storage area 368
unload 0 264 272   % pick at discharge 0 container 264 and put it at storage area 272
unload 0 265 223   % pick at discharge 0 container 265 and put it at storage area 223
load 0 141   % bring container 141 to discharge 0
ship 5
8  % number of operations at the crane for this ship
unload 0 266 309   % pick at discharge 0 container 266 and put it at storage area 309
unload 0 267 298   % pick at discharge 0 container 267 and put it at storage area 298
unload 0 268 20   % pick at discharge 0 container 268 and put it at storage area 20
load 0 160   % bring container 160 to discharge 0
load 0 27   % bring container 27 to discharge 0
load 0 189   % bring container 189 to discharge 0
load 0 224   % bring container 224 to discharge 0
load 0 228   % bring container 228 to discharge 0
